0PJHWygU,11366,1591996967,0
0PJtR5V3,92256,1591995778,0
0PJmNCaO,92256,1591995778,0
0PJdArsD,92256,1591995778,0
0PJkWTWa,92256,1591995778,0
0PJm0MlU,16335,1591997894,0
0PJksRl0,16335,1591997894,0
0PJkrqaq,16335,1591997894,0
0PJlMpX9,16335,1591997894,0
0PI4chWa,16335,1591997894,0
0PJNWPzD,98685,1591998173,0
0PIJru7G,98685,1591998173,0
0PIx7rwI,98685,1591998200,0
0PIv1uNR,98685,1591998200,0
0PJSCq3Z,98685,1591998200,0
0PIlUmH9,98685,1591998200,0
0PJRBy59,98685,1591998200,0
0PJziyTi,08805,1591998473,0
0PK82C1s,68197,1591997574,0
0PKDJl8T,68197,1591997574,0
0PKCShmd,68197,1591997574,0
0PKAXX5K,85392,1591995395,0
0PKC0tRc,85392,1591995395,0
0PK8VtGT,85392,1591995395,0
0PJx1knC,85392,1591995395,0
0PJx1Ngb,85392,1591995437,0
0PK6tI7O,85392,1591995437,0
0PK7dQVJ,91773,1591996545,0
0PJsjLX5,91773,1591996545,0
0PKBS1zV,91773,1591996545,0
0PK2rbcb,91773,1591996545,0
0PIqgkIU,72207,1591996340,0
0PJiHbF7,72207,1591996340,0
0PK1vP7c,92056,1591995671,0
0PKDmUKL,29621,1591997601,0
0PK7MpYX,19149,1591995027,0
0PKApFIW,84123,1591997421,0
0PKCyQ58,84123,1591997421,1
0PK92Mr7,84123,1591997421,0
0PK9NH1E,84123,1591997421,0
0PK8YpqC,84123,1591997421,0
0PKAUFKr,55060,1591996561,0
0PKDCaB1,55060,1591996561,0
0PJyBfZ1,55060,1591996561,0
0PK8isCR,55060,1591996561,0
0PK8DXXX,55060,1591996561,0
0PJzck9W,17084,1591996505,0
0PJkjBhR,17084,1591996505,0
0PJpj5Uj,17084,1591996505,0
0PIwojhX,46410,1591998304,0
0PJLf5L3,46410,1591998304,0
0PKCh1sb,43068,1591997679,0
0PKE3Mri,55128,1591998117,0
0PIu1oKG,92562,1591995069,0
0PKBjHzP,32174,1591997458,0
0PKB5crZ,32174,1591997458,0
0PK93Gay,53140,1591994826,0
0PJpTaeZ,53140,1591994826,0
0PJnN4bm,92649,1591995030,0
0PK9XP3C,92649,1591995030,0
0PIyGMAK,92201,1591995869,0
0PHtyNh1,94538,1591995844,0
0PGA7kzk,94538,1591995844,0
0PHIl6Qx,94538,1591995909,0
0PK8ThqZ,94538,1591995909,0
0PJjqPv7,94538,1591996221,0
0PJSW8Jg,94538,1591996221,0
0PJfajCJ,94538,1591996310,0
0PJ0z5wP,94538,1591996310,0
0PJzFCIr,43055,1591996530,0
0PJwjZe5,43055,1591996530,0
0PK9JJdq,43055,1591996530,0
0PKCaS8G,43055,1591996530,0
0PK5Txj8,92543,1591997538,0
0PKClXwC,92543,1591997538,0
0PKAdd02,92543,1591997538,0
0PKCLAk1,32344,1591995781,0
0PK8q15V,32344,1591995781,0
0PKCi4Yz,39401,1591996876,0
0PJ5QWz1,39401,1591996876,0
0PK8yIIH,71909,1591996434,0
0PJSNLWh,71909,1591996434,0
0OTrYDBQ,39047,1591997661,0
0PK4NH1R,48229,1591994378,0
0PK8oyi3,48229,1591994378,0
0PKBU2we,48229,1591994378,0
0PJxS2st,48229,1591994378,0
0PIpnimW,48229,1591995008,0
0PK4lhqV,48229,1591995008,0
0PJun2zT,23841,1591995156,0
0PJxIHp9,23841,1591995156,0
0PKBUGDZ,34442,1591995839,0
0PK1h2nA,34442,1591995839,0
0PK4VsNw,34442,1591995839,0
0PJxnPxU,71601,1591997970,0
0PJlLXny,71601,1591997970,0
0PK8Emrl,71601,1591997970,0
0PKAssO8,71601,1591997970,0
0PJlLO6f,71601,1591997970,0
0PK9ntGC,71601,1591997970,0
